70 70
2
98
11
43 40
0; 0; 0; 0; 0; 0; 0; 5; 5; 0; 0; 5; 0; 0; 5; 0; 0; 0; 5; 5; 5; 0; 0; 5; 5; 4; 4; 0; 0; 0; 0; 0; 0; 4; 0; 4; 0; 4; 0; 4; 0; 0; 0; 0; 0; 0; 0; 0; 0; 7; 7; 7; 7; 7; 0; 0; 7; 7; 7; 0; 0; 7; 7; 7; 0; 0; 7; 0; 0; 0
0; 0; 5; 5; 5; 5; 5; 5; 5; 5; 0; 5; 5; 5; 5; 0; 5; 5; 5; 5; 5; 0; 5; 5; 5; 4; 4; 4; 0; 4; 4; 4; 4; 4; 4; 4; 4; 4; 4; 4; 4; 0; 4; 4; 4; 0; 4; 7; 7; 7; 7; 7; 7; 7; 0; 7; 7; 7; 7; 7; 7; 7; 7; 7; 0; 7; 7; 7; 7; 7
0; 0; 5; 5; 5; 5; 5; 5; 5; 5; 5; 5; 5; 5; 5; 5; 5; 5; 5; 5; 5; 5; 5; 5; 5; 4; 4; 4; 4; 4; 4; 4; 4; 4; 4; 4; 4; 4; 4; 4; 4; 4; 4; 4; 4; 4; 4; 7; 7; 7; 7; 7; 7; 7; 7; 7; 7; 7; 7; 7; 7; 7; 7; 7; 7; 7; 7; 7; 7; 7
0; 0; 5; 5; 5; 5; 5; 5; 5; 5; 5; 5; 5; 5; 5; 5; 5; 5; 5; 5; 5; 5; 5; 5; 4; 4; 4; 4; 4; 4; 4; 4; 4; 4; 4; 4; 4; 4; 4; 4; 4; 4; 4; 4; 4; 4; 4; 7; 7; 7; 7; 7; 7; 7; 7; 7; 7; 7; 7; 7; 7; 7; 7; 7; 7; 7; 7; 7; 7; 7
0; 0; 0; 0; 0; 5; 5; 5; 5; 5; 5; 5; 5; 5; 5; 5; 5; 5; 5; 5; 5; 5; 5; 5; 4; 4; 4; 4; 4; 4; 4; 4; 4; 4; 4; 4; 4; 4; 4; 4M; 4; 4; 4; 4; 4; 4; 4; 7; 7; 7; 7; 7; 7; 7; 7; 7; 7; 7; 7; 7; 7; 7; 7; 7; 7; 7; 7; 7; 7; 7
0; 0; 0; 0; 0; 5; 5; 5; 5; 5; 5; 5; 5; 5; 5; 5; 5; 5; 5; 5; 5; 5; 5; 5; 4; 4; 4; 4; 4; 4; 4; 4; 4; 4; 4; 4; 4; 4; 4M; 4; 4; 4; 4; 4; 4; 4; 4; 7; 7; 7; 7; 7; 7; 7; 7; 7; 7; 7; 7; 7; 7; 7; 7; 7; 7; 7; 7; 7; 7; 7
5; 5; 5; 5; 5; 5; 5; 5; 5; 5; 5; 5; 5; 5; 5; 5; 5; 5; 5; 5; 5; 5; 5; 5; 4; 4; 4; 4; 4; 4; 4; 4; 4; 4; 4; 4; 4M; 4M; 4M; 4M; 4; 4; 4; 4; 4; 4; 4; 7; 7; 7; 7; 7; 7; 7; 7; 7; 7; 7; 7; 7; 7; 7; 7; 7; 7; 7; 7; 7; 7; 7
0; 0; 0; 0; 5; 5; 5; 5; 5; 5; 5; 5; 5; 5; 5; 5; 5; 5; 5; 5; 5; 5; 5; 5; 4; 4; 4; 4; 4; 4; 4; 4; 4; 4; 4; 4M; 4M; 4M; 4; 4M; 4; 4; 4; 4; 4; 4; 4; 7; 7; 7M; 7; 7M; 7M; 7; 7; 7; 7; 7; 7; 7; 7; 7; 7; 7; 7; 7; 7; 7; 7; 7
0; 0; 0; 0; 0; 5; 5; 5; 5; 5; 5; 5; 5; 5; 5; 5; 5; 5; 5; 5; 5; 5; 5; 5; 4; 4; 4; 4; 4; 4; 4; 4M; 4M; 4; 4M; 4M; 4M; 4; 4M; 4; 4; 4; 4; 4; 4; 4; 4; 7; 7; 7; 7M; 7M; 7M; 7M; 7; 7; 7; 7; 7; 7; 7; 7; 7; 7; 7; 7; 7; 7; 7; 7
0; 0; 0; 0; 0; 5; 5; 5; 5; 5; 5; 5; 5; 5; 5; 5; 5; 5; 5; 5; 5; 5; 5; 5; 4; 4; 4; 4; 4; 4; 4; 4; 4M; 4M; 4M; 4; 4M; 4M; 4; 4; 4; 4; 4; 4; 4; 4; 4; 7; 7; 7; 7; 7; 7M; 7; 7M; 7; 7; 7; 7; 7; 7; 7; 7; 7; 7; 7; 7; 7; 7; 7
0; 0; 0; 5; 5; 5; 5; 5; 5; 5; 5; 5; 5; 5; 5; 5; 5; 5; 5; 5; 5; 5; 5; 5; 4; 4; 4; 4; 4; 4; 4M; 4M; 4M; 4; 4M; 4M; 4M; 4M; 4M; 4; 4; 4; 4; 4; 4; 4; 4; 7; 7; 7; 7; 7; 7; 7M; 7; 7; 7; 7; 7; 7; 7; 7; 7; 7; 7; 7; 7; 7; 7; 7
0; 0; 0; 0; 0; 5; 5; 5; 5; 5; 5; 5; 5; 5; 5; 5; 5; 5; 5; 5; 5; 5; 5; 5; 4; 4; 4; 4; 4M; 4M; 4M; 4M; 4; 4M; 4M; 4; 4M; 4M; 4M; 4; 4; 4; 4; 4; 4; 4; 4; 7; 7; 7; 7; 7; 7; 7M; 7M; 7; 7; 7; 7; 7; 7; 7; 7; 7; 7; 7; 7; 7; 7; 7
0; 0; 0; 0; 5; 5; 5; 5; 5; 5; 5; 5; 5; 5; 5; 5; 5; 5; 5; 5; 5; 5; 5; 5; 4; 4; 4; 4; 4M; 4; 4M; 4; 4M; 4M; 4; 4M; 4M; 4; 4; 4M; 4; 4; 4; 4; 4; 4; 4; 7; 7; 7; 7; 7; 7M; 7; 7M; 7M; 7; 7; 7; 7; 7; 7; 7; 7; 7; 7; 7; 7; 7; 0
0; 0; 0; 5; 5; 5; 5; 5; 5; 5; 5; 5; 5; 5; 5; 5; 5; 5; 5; 5; 5; 5; 5; 5; 4; 4; 4; 4; 4; 4; 4; 4M; 4; 4; 4; 4; 4; 4; 4; 4; 4; 4; 4; 4; 4; 4; 4; 7; 7; 7; 7; 7; 7; 7; 7M; 7; 7; 7; 7; 7; 7; 7; 7; 7; 7; 7; 7; 7; 7; 7
0; 0; 0; 0; 0; 5; 5; 5; 5; 5; 5; 5; 5; 5; 5; 5; 5; 5; 5; 5; 5; 5; 5; 5; 4; 4; 4; 4; 4; 4; 4; 4; 4; 4; 4; 4; 4; 4; 4; 4; 4; 4; 4; 4; 4; 4; 7; 7; 7; 7; 7; 7; 7; 7; 7; 7; 7; 7; 7; 7; 7; 7; 7; 7; 7; 7; 7; 7; 7; 7
0; 0; 0; 5; 5; 5; 5; 5; 5; 5; 5; 5; 5; 5; 5; 5; 5; 5; 5; 5; 5; 5; 5; 5; 4; 4P; 4; 4; 4; 4; 4; 4; 4; 4; 4; 4; 4; 4; 4; 4; 4; 4; 4; 4; 4; 4; 7; 7; 7; 7; 7; 7; 7M; 7; 7; 7; 7; 7; 7; 7; 7; 7; 7; 7; 7; 7; 7; 7; 0; 0
0; 0; 0; 0; 5; 5; 5; 5; 5; 5; 5; 5; 5; 5; 5; 5; 5; 5; 5; 5; 5; 5; 5; 5; 4; 4; 4; 4; 4; 4; 4; 4; 4; 4; 4; 4; 4; 4; 4; 4; 4; 4; 4; 4; 4; 4; 7; 7; 7; 7; 7; 7; 7; 7M; 7; 7; 7; 7; 7; 7; 7; 7; 7; 7; 7; 7; 7; 7; 0; 0
0; 0; 0; 0; 0; 5; 5; 5; 5; 5; 5; 5; 5; 5; 5; 5; 5; 5; 5; 5; 5; 5; 5; 5; 4; 4; 4; 4; 4; 4; 4; 4; 4; 4; 4; 4; 4; 4; 4; 4; 4; 4; 4; 4; 4; 4; 7; 7; 7; 7; 7; 7; 7M; 7; 7; 7; 7; 7; 7; 7; 7; 7; 7; 7; 7; 7; 7; 7; 7; 7
0; 0; 0; 5; 5; 5; 5; 5; 5; 5; 5; 5; 5; 5; 5; 5; 5; 5; 5P; 5; 5; 5M; 5M; 5; 4; 4; 4; 4; 4; 4; 4; 4; 4; 4; 4; 4; 4; 4; 4; 4; 4; 4; 4; 4; 4; 4; 7; 7; 7P; 7; 7; 7M; 7; 7; 7; 7; 7; 7; 7; 7; 7; 7; 7; 7; 7; 7; 7; 7; 7; 0
0; 0; 0; 0; 5; 5; 5; 5; 5; 5; 5; 5; 5; 5; 5; 5; 5; 5; 5; 5; 5; 5; 5; 5M; 4M; 4; 4; 4; 4; 4; 4; 4; 4; 4; 4; 4; 4; 4; 4; 4; 4; 4; 4; 4; 4; 4; 7; 7; 7; 7; 7M; 7M; 7; 7; 7; 7; 7; 7; 7; 7; 7; 7; 7; 7; 7; 7; 7; 7; 7; 2
0; 0; 5; 5; 5; 5; 5; 5; 5; 5; 5; 5; 5; 5; 5; 5; 5; 5; 5; 5; 5; 5M; 5M; 5M; 4M; 4; 4; 4; 4; 4; 4; 4; 4; 4; 4; 4; 4; 4; 4; 4; 4; 4; 4; 4; 4; 4; 7; 7; 7; 7; 7M; 7M; 7; 7; 7; 7; 7; 7; 7; 7; 7; 7; 7; 7; 7; 7; 7; 7; 2; 2
0; 0; 0; 0; 0; 5; 5; 5; 5; 5; 5; 5; 5; 5; 5; 5; 5; 5; 5; 5; 5; 5M; 5; 5M; 8; 8M; 8; 8; 8; 8; 8; 8; 8; 8; 8; 8; 8; 8; 8; 10; 10; 10; 10; 10; 10; 10; 10; 10; 2; 2; 2; 2M; 2; 2; 2; 2; 2; 2; 2; 2; 2; 2; 2; 2; 2; 2; 2; 2; 2; 2
0; 0; 0; 0; 5; 5; 5; 5; 5; 5; 5; 5; 5; 5; 5; 5; 5; 5; 5; 5; 5; 5; 5; 5; 8; 8; 8; 8; 8; 8; 8; 8; 8; 8; 8; 8; 8; 8; 8; 10; 10; 10; 10; 10; 10; 10; 10; 10; 2; 2; 2; 2; 2; 2; 2; 2; 2; 2; 2; 2; 2; 2; 2; 2; 2; 2; 2; 2; 2; 0
0; 0; 0; 0; 0; 1; 1; 1; 1; 1; 1; 1; 1; 1; 1; 1; 1; 8; 8; 8; 8; 8; 8; 8; 8; 8; 8; 8; 8; 8; 8; 8; 8P; 8; 8; 8; 8; 8; 8; 10; 10; 10; 10; 10; 10; 10; 10; 10; 2; 2; 2; 2; 2; 2; 2; 2; 2; 2; 2; 2; 2; 2; 2; 2; 2; 2; 2; 2; 2; 0
0; 0; 0; 0; 1; 1; 1; 1; 1; 1; 1; 1; 1; 1; 1; 1; 1; 8; 8; 8; 8; 8; 8; 8; 8; 8; 8; 8; 8; 8; 8; 8; 8; 8; 8; 8; 8; 8; 8; 10; 10; 10; 10; 10; 10; 10; 10; 10; 2; 2; 2; 2; 2; 2; 2; 2; 2; 2; 2; 2; 2; 2; 2; 2; 2; 2; 2; 2; 2; 0
0; 0; 0; 0; 1; 1; 1; 1; 1; 1; 1; 1; 1; 1; 1; 1; 1; 8; 8; 8; 8; 8; 8; 8; 8; 8; 8; 8; 8; 8; 8; 8; 8; 8; 8; 8; 8; 8; 8; 10; 10; 10; 10; 10; 10; 10; 10; 10; 2; 2; 2P; 2; 2; 2; 2; 2; 2; 2; 2; 2; 2; 2; 2; 2; 2; 2; 2; 2; 2; 0
0; 0; 0; 1; 1; 1; 1; 1; 1; 1; 1; 1; 1; 1; 1; 1; 1; 8; 8; 8; 8; 8; 8; 8; 8; 8; 8; 8; 8; 8; 8; 8; 8; 8; 8; 8; 8; 8; 8; 10; 10; 10; 10; 10; 10; 10; 10; 10; 2; 2; 2; 2; 2; 2; 2; 2; 2; 2; 2; 2; 2; 2; 2; 2; 2; 2; 2; 2; 2; 0
0; 0; 0; 1; 1; 1; 1; 1; 1; 1; 1; 1; 1; 1; 1; 1; 1; 8; 8; 8; 8; 8; 8; 8; 8; 8; 8; 8; 8; 8; 8; 8; 8; 8; 8; 8; 8; 8; 8; 8; 10; 10; 10; 10; 10; 10; 10; 10; 2; 2; 2; 2; 2; 2; 2; 2; 2; 2; 2; 2; 2; 2; 2; 2; 2; 2; 2; 2; 0; 0
0; 0; 0; 0; 1; 1; 1; 1; 1; 1; 1; 1; 1; 1; 1; 1; 1; 8; 8; 8; 8; 8; 8; 8; 8; 8; 8; 8; 8; 8; 8; 8; 8; 8; 8; 8; 8; 8; 8; 8; 10; 10; 10; 10; 10; 10; 10; 10; 10; 2; 2; 2; 2; 2; 2; 2; 2; 2; 2; 2; 2; 2; 2; 2; 2; 2; 2; 2; 2; 2
0; 0; 0; 1; 1; 1; 1; 1; 1; 1; 1; 1; 1; 1; 1; 1; 1; 8; 8; 8; 8; 8; 8; 8; 8; 8; 8; 8; 8; 8; 8; 8; 8; 8; 8; 8; 8; 8; 8; 8; 10; 10; 10; 10; 10; 10; 10; 10; 10; 2; 2; 2; 2; 2; 2; 2; 2; 2; 2; 2; 2; 2; 2; 2; 2; 2; 2; 2; 2; 0
0; 0; 0; 0; 1; 1; 1; 1; 1; 1; 1; 1; 1; 1; 1; 1; 1; 8; 8; 8; 8; 8; 8; 8; 8; 8; 8; 8; 8; 8; 8; 8; 8; 8; 8; 8; 8; 8; 8; 8; 10; 10; 10; 10; 10; 10; 10; 10; 10; 2; 2; 2; 2; 2; 2; 2; 2; 2; 2; 2; 2; 2; 2; 2; 2; 2; 2; 2; 2; 0
0; 0; 0; 0; 0; 1; 1; 1; 1; 1; 1; 1; 1; 1P; 1; 1; 1; 8; 8; 8; 8; 8; 8; 8; 8; 8; 8; 8; 8; 8; 8; 8; 8; 8; 8; 8; 8; 8; 8; 8; 10; 10; 10; 10; 10; 10; 10; 10; 10; 2; 2; 2; 2; 2; 2; 2; 2; 2; 2; 2; 2; 2; 2; 2; 2; 2; 2; 2; 2; 2
0; 0; 0; 0; 0; 1; 1; 1; 1; 1; 1; 1; 1; 1; 1; 1; 1; 8; 8; 8; 8; 8; 8; 8; 8; 8; 8; 8; 8; 8; 8; 8; 8; 8; 8; 8; 8; 8; 8; 8; 10; 10; 10; 10; 10; 10; 10; 10; 10; 2; 2; 2; 2; 2; 2; 2; 2; 2; 2; 2; 2; 2; 2; 2; 2; 2; 2; 2; 2; 2
0; 0; 0; 0; 1; 1; 1; 1; 1; 1; 1; 1; 1; 1; 1; 1; 1; 8; 8; 8; 8; 8; 8; 8; 8; 8; 8; 8; 8; 8; 8; 8; 8; 8; 8; 8; 8; 8; 8; 8; 10; 10; 10; 10; 10; 10; 10; 10; 10; 2; 2; 2; 2; 2; 2; 2; 2; 2; 2; 2; 2; 2; 2; 2; 2; 2; 2; 2; 2; 0
0; 0; 0; 1; 1; 1; 1; 1; 1; 1; 1; 1; 1; 1; 1; 1; 1; 8; 8; 8; 8; 8; 8; 8; 8; 8; 8; 8; 8; 8; 8; 8; 8; 8; 8; 8; 8; 8; 8; 8; 10; 10; 10; 10; 10; 10; 10; 10; 10; 2; 2; 2; 2; 2; 2; 2; 2; 2; 2; 2; 2; 2; 2; 2; 2; 2; 2; 2; 2; 2
0; 0; 0; 0; 1; 1; 1; 1; 1; 1; 1; 1; 1; 1; 1; 1; 1; 1; 8; 8; 8; 8; 8; 8; 8; 8; 8; 8; 8; 8; 8; 8; 8; 8; 8; 8; 8; 8; 8; 8; 10; 10; 10; 10; 10; 10; 10; 10; 10; 2; 2; 2; 2; 2; 2; 2; 2; 2; 2; 2; 2; 2; 2; 2; 2; 2; 2; 2; 2; 2
0; 0; 0; 0; 1; 1; 1; 1; 1; 1; 1; 1; 1; 1; 1; 1; 1; 1; 8; 8; 8; 8; 8; 8; 8; 8; 8; 8; 8; 8; 8; 8; 8; 8; 8; 8; 8; 8; 8; 8; 10; 10; 10; 10; 10; 10; 10; 10; 10; 2; 2; 2; 2; 2; 2; 2; 2; 2; 2; 2; 2; 2; 2; 2; 2; 2; 2; 2; 2; 0
0; 0; 0; 0; 1; 1; 1; 1; 1; 1; 1; 1; 1; 1; 1; 1; 1; 1; 8; 8; 8; 8; 8; 8; 8; 8; 8; 8; 8; 8; 8; 8; 8; 8; 8; 8; 8; 8; 8; 8; 10; 10; 10; 10; 10; 10; 10; 10; 10; 2; 2; 2; 2; 2; 2; 2; 2; 2; 2; 2; 2; 2; 2; 2; 2; 2; 2; 2; 0; 0
0; 0; 0; 0; 1; 1; 1; 1; 1; 1; 1; 1; 1; 1; 1; 1; 1; 1; 8; 8; 8; 8; 8; 8; 8; 8; 8; 8; 8; 8; 8; 8; 8; 8; 8; 8; 8; 8; 8; 8; 10; 10; 10; 10; 10; 10; 10; 10; 10; 2; 2; 2; 2; 2; 2; 2; 2; 2; 2; 2; 2; 2; 2; 2; 2; 2; 2; 2; 2; 2
0; 0; 0; 0; 1; 1; 1; 1; 1; 1; 1; 1; 1; 1; 1; 1; 1; 1; 8; 8; 8; 8; 8; 8; 8; 8; 8; 8; 8; 8; 8; 8; 8; 8; 8; 8; 8; 8; 8; 8; 10; 10; 10; 10; 10; 10; 10; 10; 10; 2; 2; 2; 2; 2; 2; 2; 2; 2; 2; 2; 2; 2; 2; 2; 2; 2; 2; 2; 2; 0
0; 0; 0; 0; 0; 1; 1; 1; 1; 1; 1; 1; 1; 1; 1; 1; 1; 1; 8; 8; 8; 8; 8; 8; 8; 8; 8; 8; 8; 8; 8; 8; 8; 8; 8; 8; 8; 8; 8; 8; 10; 10; 10; 10; 10; 10; 10; 10; 10; 2; 2; 2; 2; 2; 2; 2; 2; 2; 2; 2; 2; 2; 2; 2; 2; 2; 2; 2; 2; 0
0; 0; 0; 1; 1; 1; 1; 1; 1; 1; 1; 1; 1; 1; 1; 1; 1; 1; 8; 8; 8; 8; 8; 8; 8; 8; 8; 8; 8; 8; 8; 8; 8; 8; 8; 8; 8; 8; 8; 8; 10; 10; 10; 10; 10; 10; 10; 10; 10; 2; 2; 2; 2; 2; 2; 2; 2; 2; 2; 2; 2; 2; 2; 2; 2; 2; 2; 2; 2; 2
0; 0; 0; 1; 1; 1; 1; 1; 1; 1; 1; 1; 1; 1; 1; 1; 1; 3; 3; 3; 3; 3; 3; 3; 3; 3; 3; 3; 3; 6; 6; 6; 6; 6; 6; 6; 6; 6; 6; 6; 10; 10; 10; 10; 10; 10; 10; 10; 10; 10; 10; 10; 10; 10; 10; 10; 10; 10; 10; 10; 10; 10; 10; 10; 10; 10; 10; 10; 10; 0
0; 0; 0; 0; 0; 1; 1; 1; 1M; 1; 1; 1; 1; 1; 1; 1; 1; 3; 3; 3; 3; 3; 3; 3; 3; 3; 3; 3; 3; 6; 6; 6; 6; 6; 6; 6; 6; 6; 6; 6; 10; 10; 10; 10; 10; 10; 10; 10; 10; 10; 10; 10; 10; 10; 10; 10; 10; 10; 10; 10; 10; 10; 10; 10; 10; 10; 10; 10; 10; 10
0; 0; 0; 0; 1; 1; 1; 1M; 1; 1M; 1; 1; 1; 1; 1; 1; 1; 3; 3; 3; 3; 3; 3; 3; 3; 3; 3; 3; 3; 6; 6; 6; 6; 6; 6; 6; 6; 6; 6; 6; 10; 10; 10; 10; 10; 10; 10; 10; 10; 10; 10; 10; 10; 10; 10; 10; 10; 10; 10; 10; 10; 10; 10; 10; 10; 10; 10; 10; 10; 0
0; 0; 0; 0; 1M; 1; 1M; 1; 1M; 1; 1; 1; 1; 1; 1; 1; 1; 3; 3; 3; 3; 3; 3; 3; 3; 3; 3; 3; 3; 6; 6; 6; 6; 6; 6; 6; 6; 6; 6; 6; 10; 10; 10; 10; 10; 10; 10; 10; 10; 10; 10; 10; 10; 10; 10; 10; 10; 10; 10; 10; 10; 10; 10; 10; 10; 10; 10; 10; 10; 10
0; 0; 0; 0; 1M; 1M; 1M; 1M; 1M; 1; 1; 1; 1; 1; 1; 1; 1; 3; 3; 3; 3; 3; 3; 3; 3; 3; 3; 3; 3; 6; 6; 6; 6; 6; 6; 6; 6; 6; 6; 6; 10; 10; 10; 10; 10; 10; 10; 10; 10; 10; 10; 10; 10; 10; 10; 10; 10; 10; 10; 10; 10; 10; 10; 10; 10; 10; 10; 10; 10; 10
0; 0; 0; 0; 0; 1M; 1M; 1M; 1M; 1; 1; 1; 1; 1; 1; 1; 1; 3; 3; 3; 3; 3; 3; 3; 3; 3; 3; 3; 3; 6; 6; 6; 6; 6; 6; 6; 6; 6; 6; 6; 10; 10; 10; 10; 10; 10; 10; 10; 10; 10; 10; 10; 10; 10; 10; 10; 10; 10; 10; 10; 10; 10; 10; 10; 10; 10; 10; 10; 10; 10
0; 0; 1; 1; 1; 1; 1M; 1M; 1; 1; 1; 1; 1; 1; 1; 1; 1; 3; 3; 3; 3; 3; 3; 3; 3; 3; 3; 3; 3; 6; 6; 6; 6; 6; 6; 6; 6; 6; 6; 6; 10; 10; 10; 10; 10; 10; 10; 10; 10; 10; 10; 10; 10; 10; 10; 10; 10; 10; 10; 10; 10; 10; 10; 10; 10; 10; 10; 10; 10; 10
0; 0; 0; 0; 1; 1; 1; 1; 1; 1; 1; 1; 1; 1; 1; 1; 1; 3; 3; 3; 3; 3; 3; 3; 3; 3; 3; 3; 3; 6; 6; 6; 6; 6; 6; 6; 6; 6; 6; 6; 10; 10; 10; 10; 10; 10; 10; 10; 10; 10; 10; 10; 10; 10; 10; 10; 10; 10; 10; 10; 10; 10; 10; 10; 10; 10; 10; 10; 10; 10
0; 0; 0; 0; 1; 1; 1; 1; 1; 1; 1; 1; 1; 1; 1; 1; 1; 3; 3; 3; 3; 3; 3; 3; 3; 3; 3; 3; 3; 6; 6; 6; 6; 6; 6; 6; 6; 6; 6; 6; 10; 10; 10; 10; 10; 10; 10; 10; 10; 10; 10; 10; 10; 10; 10; 10; 10; 10; 10; 10; 10; 10; 10; 10; 10; 10; 10; 10; 10; 10
0; 0; 0; 0; 1; 1; 1; 1; 1; 1; 1; 1; 1; 1; 1; 1; 1; 3; 3; 3; 3; 3; 3; 3; 3; 3; 3; 3; 3; 6; 6; 6; 6; 6; 6; 6; 6; 6; 6; 6; 6; 6; 6; 6; 6; 6; 6; 6; 6; 6; 6; 6; 6; 9; 9; 9; 9; 9; 9; 9M; 9M; 9M; 9; 9; 9; 9; 9; 9; 9; 9
0; 0; 0; 1; 1; 1; 1; 1; 1; 1; 1; 1; 1; 1; 1; 1; 1; 3; 3; 3; 3; 3; 3; 3; 3; 3; 3; 3; 3; 6; 6; 6; 6; 6; 6; 6; 6; 6; 6; 6; 6; 6; 6; 6; 6; 6; 6; 6; 6; 6; 6; 6; 6; 9; 9; 9; 9; 9; 9; 9M; 9M; 9M; 9M; 9; 9; 9; 9; 9; 9; 0
0; 0; 1; 1; 1; 1; 1; 1; 1; 1; 1; 1; 1; 1; 1; 1; 1; 3; 3; 3; 3; 3; 3; 3; 3; 3; 3; 3; 3; 6; 6; 6; 6; 6; 6; 6; 6; 6; 6; 6; 6; 6; 6; 6; 6; 6; 6; 6; 6; 6; 6; 6; 6; 9; 9; 9; 9; 9; 9; 9; 9; 9; 9M; 9M; 9; 9; 9; 9; 9; 9
0; 0; 0; 0; 0; 1; 1; 1; 1; 1; 1; 1; 1; 1; 1; 1; 1; 3; 3; 3; 3; 3; 3; 3; 3; 3; 3; 3; 3; 6; 6; 6; 6; 6; 6; 6; 6; 6; 6; 6; 6; 6; 6; 6; 6; 6; 6; 6; 6; 6; 6; 6; 6; 9; 9; 9; 9; 9; 9; 9; 9; 9; 9M; 9; 9; 9; 9; 9; 9; 0
0; 0; 1; 1; 1; 1; 1; 1; 1; 1; 1; 1; 1; 1; 1; 1; 1; 3; 3; 3; 3; 3; 3; 3; 3; 3; 3; 3; 3; 6; 6; 6; 6; 6; 6; 6; 6; 6; 6; 6; 6; 6; 6; 6; 6; 6; 6; 6; 6; 6; 6; 6; 6; 9; 9; 9; 9; 9; 9; 9; 9; 9; 9; 9M; 9; 9; 9; 9; 9; 9
0; 0; 0; 1; 1; 1; 1; 1; 1; 1; 1; 1; 1; 1; 1; 1; 3; 3; 3; 3; 3; 3; 3; 3; 3; 3; 3; 3; 3; 6; 6; 6; 6; 6; 6; 6; 6; 6; 6; 6; 6; 6; 6; 6; 6; 6; 6; 6; 6; 6; 6; 6; 9; 9; 9; 9; 9; 9; 9; 9; 9; 9; 9; 9; 9; 9; 9; 9; 9; 0
0; 0; 0; 0; 3; 3; 3; 3; 3; 3; 3; 3; 3; 3; 3; 3; 3; 3; 3; 3; 3; 3; 3; 3; 3; 3; 3; 3; 3; 6; 6; 6; 6; 6; 6; 6; 6; 6; 6; 6; 6; 6; 6; 6; 6; 6; 6; 6; 6; 6; 6; 6; 9; 9; 9; 9; 9; 9; 9; 9; 9; 9; 9; 9; 9; 9; 9; 9; 9; 9
0; 0; 0; 0; 3; 3; 3; 3; 3; 3; 3; 3; 3; 3; 3; 3; 3; 3; 3; 3; 3; 3; 3; 3; 3; 3; 3; 3; 3; 6; 6; 6; 6; 6; 6; 6; 6; 6; 6; 6; 6; 6; 6; 6; 6; 6; 6; 6; 6; 6; 6; 6P; 9P; 9; 9; 9; 9; 9; 9; 9; 9; 9; 9; 9; 9; 9; 9; 9; 9; 9
0; 0; 0; 0; 0; 3; 3; 3; 3; 3P; 3; 3; 3; 3; 3; 3; 3; 3; 3; 3; 3; 3; 3; 3; 3; 3; 3; 3; 3; 6; 6; 6; 6; 6; 6; 6; 6; 6; 6; 6; 6; 6; 6; 6; 6; 6; 6; 6; 6; 6; 6; 6; 9; 9; 9; 9; 9; 9; 9; 9; 9; 9; 9; 9; 9; 9; 9; 9; 9; 9
0; 0; 0; 3; 3; 3; 3; 3; 3; 3; 3; 3; 3; 3; 3; 3; 3; 3; 3; 3; 3; 3; 3; 3; 3; 3; 3; 3; 6; 6; 6; 6; 6; 6; 6; 6; 6; 6; 6; 6; 6; 6; 6; 6; 6; 6; 6; 6; 6; 6; 6; 6; 9; 9; 9; 9; 9; 9; 9; 9; 9; 9; 9; 9; 9; 9; 9; 9; 9; 9
0; 0; 0; 0; 3; 3; 3; 3; 3; 3; 3; 3; 3; 3; 3; 3; 3; 3; 3; 3; 3; 3; 3; 3; 3; 3; 3; 3; 6; 6; 6; 6; 6; 6; 6; 6; 6; 6; 6; 6; 6; 6; 6; 6; 6; 6; 6; 6; 6; 6; 6; 6; 9; 9; 9; 9; 9; 9; 9; 9; 9; 9; 9; 9; 9; 9; 9; 9; 9; 9
0; 0; 3; 3; 3; 3; 3; 3; 3; 3; 3; 3; 3; 3; 3; 3; 3; 3; 3; 3; 3; 3; 3; 3; 3; 3; 3; 3; 6; 6; 6; 6; 6; 6; 6; 6; 6; 6; 6; 6; 6; 6; 6; 6M; 6; 6; 6; 6; 6; 6; 6; 6; 9; 9; 9; 9; 9; 9; 9; 9; 9; 9; 9; 9; 9; 9; 9; 9; 9; 9
0; 0; 0; 3; 3; 3; 3; 3; 3; 3; 3; 3; 3; 3; 3; 3; 3; 3; 3; 3; 3; 3; 3; 3; 3; 3; 3; 3; 6; 6; 6; 6; 6; 6; 6; 6; 6; 6; 6; 6; 6; 6; 6M; 6; 6M; 6; 6; 6; 6; 6; 6; 6; 9; 9; 9; 9; 9; 9; 9; 9; 9; 9; 9; 9; 9; 9; 9; 9; 9; 9
0; 0; 0; 0; 0; 3; 3; 3; 3; 3; 3; 3; 3; 3; 3; 3; 3; 3; 3; 3; 3; 3; 3; 3; 3; 3; 3; 3; 6; 6; 6; 6; 6; 6; 6; 6; 6; 6; 6; 6; 6; 6; 6; 6M; 6; 6; 6; 6; 6; 6; 6; 6; 9; 9; 9; 9; 9; 9; 9; 9; 9; 9; 9; 9; 9; 9; 9; 9; 9; 9
0; 0; 3; 3; 3; 3; 3; 3; 3; 3; 3; 3; 3; 3; 3; 3; 3; 3; 3; 3; 3; 3; 3; 3; 3; 3; 3; 3; 6; 6; 6; 6; 6; 6; 6; 6; 6; 6; 6; 6; 6; 6; 6; 6; 6M; 6; 6; 6; 6; 6; 6; 6; 9; 9; 9; 9; 9; 9; 9; 9; 9; 9; 9; 9; 9; 9; 9; 9; 9; 9
0; 0; 0; 3; 3; 3; 3; 3; 3; 3; 3; 3; 3; 3; 3; 3; 3; 3; 3; 3; 3; 3; 3; 3; 3; 3; 3; 3; 9; 9; 9; 9; 9; 9; 9; 9; 9; 9; 9; 9; 9; 9; 9; 9; 9; 9; 9; 9; 9; 9; 9; 9; 9; 9; 9; 9; 9; 9; 9; 9; 9; 9; 9; 9; 9; 9; 9; 9; 9; 9
0; 0; 0; 3; 3; 3; 3; 3; 3; 3; 3; 3; 3; 3; 3; 3; 3; 3; 3; 3; 3; 3; 3; 3; 3; 3; 3; 3; 9; 9; 9; 9; 9; 9; 9; 9; 9; 9; 9; 9; 9; 9; 9; 9; 9; 9; 9; 9; 9; 9; 9; 9; 9; 9; 9; 9; 9; 9; 9; 9; 9; 9; 9; 9; 9; 9; 9; 9; 9; 9
0; 0; 0; 9; 9; 9; 9; 9; 9; 9; 9; 9; 9; 9; 9; 9; 9; 9; 9; 9; 9; 9; 9; 9; 9; 9; 9; 9; 9; 9; 9; 9; 9; 9; 9; 9; 9; 9; 9; 9; 9; 9; 9; 9; 9; 9; 9; 9; 9; 9; 9; 9; 9; 9; 9; 9; 9; 9; 9; 9; 9; 9; 9; 9; 9; 9; 9; 9; 9; 9
0; 0; 0; 9; 9; 9; 9; 9; 9; 0; 0; 9; 0; 0; 9; 0; 9; 9; 9; 0; 0; 9; 9; 9; 9; 0; 0; 9; 9; 0; 0; 0; 0; 9; 9; 9; 0; 9; 0; 0; 9; 9; 9; 0; 0; 9; 9; 9; 9; 9; 9; 0; 9; 0; 9; 0; 0; 9; 0; 9; 9; 9; 9; 0; 9; 9; 0; 0; 0; 0
